  dataset zr_black zr_white  a_black v_black_gun t0_black_gun      st0  a_white v_white_phone t0_white_phone v_black_phone t0_black_phone v_white_gun t0_white_gun  penalty      fit     time   method
        1   0.5290   0.4831   0.8135  -4.4256   0.3432   0.1222   0.4379   4.2312   0.4720   4.5052   0.4668  -3.9412   0.4189   0.0000 -151.2038   0.5964       ML
       10   0.6183   0.3198   0.6430  -4.2934   0.3474   0.1409   0.9325   4.1869   0.3828   5.3216   0.4694  -3.7447   0.3964   0.0000 -134.6863   0.6475       ML
      100   0.3440   0.5683   0.8525  -4.3900   0.3544   0.1086   0.7470   2.7466   0.4598   4.2627   0.4983  -3.4752   0.3690   0.0000 -130.8157   0.9705       ML
      101   0.3240   0.4560   0.9093  -6.0767   0.3394   0.0891   0.6436   3.6419   0.3782   5.8118   0.4323  -3.0674   0.3564   0.0000 -158.0423   0.5209       ML
      102   0.3266   0.6044   0.7210  -7.1755   0.3786   0.0878   0.7533   6.3509   0.4556   7.4960   0.4475  -5.1539   0.3755   0.0000 -200.0151   0.4801       ML
      103   0.5067   0.1997   0.9129  -7.5558   0.4175   0.1447   0.6256   5.7272   0.5062   3.8374   0.4511  -2.4582   0.4609   0.0000 -131.9252   0.5772       ML
      104   0.3938   0.3886   0.6945  -3.9180   0.4176   0.2519   0.7050   4.4211   0.4959   6.0807   0.5294  -3.2462   0.4644   0.0000 -95.4985   1.5815       ML
      105   0.2787   0.1578   0.6379  -2.6277   0.4078   0.1069   0.7019  10.1153   0.5467   6.3526   0.5478  -2.8457   0.4603   0.0000 -137.7275   0.6741       ML
      106   0.2597   0.6489   0.7102  -4.5024   0.4323   0.1488   0.8451   4.4499   0.5426  49.9998   0.6173  -4.5326   0.4082   0.0000 -145.7509   0.8732       ML
      107   0.7345   0.8067   0.8115  -7.5396   0.4134   0.1501   1.0219   3.8025   0.4483   6.3277   0.5149  -5.9231   0.4176   0.0000 -157.4838   0.7938       ML
      108   0.5510   0.4356   0.6783  -3.3993   0.3700   0.2544   0.8787   3.1939   0.4522   3.9533   0.5476  -2.6596   0.3962   0.0000 -55.9437   1.3219       ML
      109   0.3249   0.5622   3.0524 -13.1951   0.3440   0.1174   0.9554   2.8604   0.4366   9.5403   0.3378  -5.9074   0.4016   0.0000 -160.5128   0.9370       ML
       11   0.3002   0.5723   0.8257  -3.9626   0.3108   0.0582   0.7125   2.7528   0.3900   4.7244   0.3978  -5.5459   0.3417   0.0000 -167.8288   0.3665       ML
      110   0.3456   0.5313   0.9671  -4.2894   0.4309   0.1497   0.9670   2.5204   0.3767   3.5662   0.4120  -2.3422   0.3510   0.0000 -101.0422   0.7778       ML
      111   0.8375   0.6800   2.8616 -15.5134   0.3232   0.1426   1.5666   7.9537   0.5195   8.9230   0.5445  -8.0640   0.3931   0.0000 -180.9698   1.0283       ML
      112   0.2976   0.6720   0.6244   0.0798   0.3408   0.1813   0.5123   2.6569   0.4169   3.4728   0.4066  -3.3102   0.3741   0.0000 -72.3065   0.9940       ML
      113   0.1263   0.3651   1.2938  -4.4665   0.4492   0.1584   1.2205  10.7923   0.4919  15.9082   0.5083  -6.3237   0.4546   0.0000 -173.2507   0.7090       ML
      114   0.4596   0.7362   0.9521 -10.2673   0.4049   0.1229   0.6317   3.9347   0.5066   7.5147   0.4787  -5.8300   0.4216   0.0000 -183.3090   0.8917       ML
      115   0.0634   0.3852   4.6199 -12.7321   0.4368   0.0897   0.7452   5.5756   0.4593  11.1979   0.1811  -4.2039   0.4410   0.0000 -193.2309   0.7020       ML
      116   0.6245   0.5672   0.5671  -9.8350   0.4075   0.1736   0.7226   3.6711   0.5044   6.3539   0.5668  -4.6253   0.3930   0.0000 -148.6288   1.2307       ML
      117   0.1396   0.6772   1.0266  -5.1686   0.4777   0.1822   0.3140   8.2713   0.5542  12.8620   0.5326  -9.6272   0.5321   0.0000 -152.2613   0.9371       ML
      118   0.3134   0.4462   0.4634  -2.9031   0.4369   0.2036   0.7334   4.8317   0.4637   8.4111   0.5551  -4.3200   0.4428   0.0000 -122.6382   1.2708       ML
      119   0.5598   0.6556   0.5780  -6.8952   0.4356   0.2060   0.5395   2.8286   0.5088   4.6124   0.5201  -5.9610   0.4546   0.0000 -122.0626   1.2134       ML
      120   0.2080   0.3789   2.6026  -5.4999   0.3601   0.0003   0.8512   4.5977   0.4636   7.6751   0.3050  -3.2346   0.4184   0.0000 -167.7942   0.2548       ML
      121   0.8671   0.7751   0.6496  -4.5424   0.5214   0.2546   0.2096  22.3222   0.6175   6.3307   0.5513 -15.1155   0.5737   0.0000 -64.1666   0.5947       ML
      122   0.5205   0.2138   0.6533  -7.4929   0.3884   0.2258   0.7793   7.4618   0.5412   2.3804   0.4736  -2.9939   0.4355   0.0000 -104.7370   1.3398       ML
      123   0.2070   0.2237   0.7450  -4.6715   0.4013   0.1563   1.1243   6.1435   0.4111  12.5127   0.5599  -2.4171   0.3803   0.0000 -147.5456   1.2078       ML
      124   0.2879   0.4776   0.9233  -4.6295   0.3429   0.1043   0.6816   4.4340   0.4661   6.5637   0.4750  -4.6328   0.4117   0.0000 -163.4080   0.6490       ML
      125   0.3374   0.2940   1.0067  -7.6829   0.4423   0.1376   0.7124   5.9522   0.5028   7.3806   0.4971  -4.2601   0.4845   0.0000 -169.1722   1.0057       ML
      126   0.4835   0.5981   1.0831  -9.3514   0.4301   0.1268   0.8560   8.4391   0.5395   9.6013   0.5684  -5.0965   0.4485   0.0000 -175.9597   0.8812       ML
      127   0.1905   0.2570   1.1110  -6.3764   0.4692   0.1340   0.6136   7.4390   0.5102   7.8949   0.4957  -2.5268   0.4883   0.0000 -157.6907   0.8442       ML
      128   0.3164   0.2675   1.0230  -5.4461   0.3573   0.1972   0.6750   4.6446   0.4146   3.3430   0.3529  -2.0591   0.3924   0.0000 -94.6849   1.2226       ML
      129   0.5042   0.6476   0.4397  -7.0081   0.5186   0.1094   4.5627  14.2520   0.5058  49.9877   0.6290 -10.8892   0.3178   0.0000 -173.1921   0.6496       ML
       13   0.0160   0.2941   1.8926  -1.4545   0.4628   0.1999   0.6447   5.3495   0.5245  49.9640   0.5618  -1.5873   0.4587   0.0000 -99.8507   1.1130       ML
      130   0.8533   0.5390   0.3531 -29.9290   0.4253   0.2121   0.5615   4.1483   0.4847   1.4668   0.5424  -3.3412   0.3810   0.0000 -123.5951   1.0950       ML
      131   0.9306   0.4339   0.7445 -20.5444   0.5184   0.2718   0.1630  12.6511   0.5198   1.8338   0.5625  -9.1835   0.5591   0.0000 -106.7124   1.2814       ML
      132   0.3257   0.6318   0.4815   0.4891   0.3988   0.2693   0.4845   0.7175   0.4449   4.7180   0.5089  -8.8187   0.4641   0.0000 -58.2580   1.1942       ML
      133   0.3238   0.6252   0.7625  -4.7748   0.3821   0.1615   0.6810   3.8749   0.4968   6.0276   0.5327  -6.3015   0.4320   0.0000 -149.0814   1.1255       ML
      134   0.2499   0.4891   0.9624  -4.8361   0.3865   0.1674   0.6515   2.1799   0.4057   6.3033   0.4532  -3.2426   0.3809   0.0000 -122.5411   1.2367       ML
      135   0.7820   0.2169   0.8128  -5.9481   0.4313   0.1347   0.8417   9.5904   0.5378  46.8960   0.6240  -4.1797   0.5144   0.0000 -160.0314   0.9077       ML
      136   0.5165   0.6019   0.7565  -3.9103   0.4180   0.1961   0.5168   4.3402   0.4858   4.3372   0.5036  -2.7548   0.4743   0.0000 -90.1850   0.6054       ML
      137   0.3468   0.5502   0.5293  -7.3437   0.3833   0.1229   0.9282   4.6098   0.4524   9.9677   0.5616  -5.9350   0.3743   0.0000 -188.0195   0.7880       ML
       14   0.6336   0.5743   1.0690  -6.5320   0.3891   0.1590   5.8419  13.2420   0.4044  49.9515   0.6031 -11.0427   0.2358   0.0000 -164.8286   0.9940       ML
       15   0.4988   0.4690   5.6799 -14.1898   0.2185   0.1115   0.5418   4.7680   0.4562  12.2581   0.3280  -5.7175   0.4087   0.0000 -184.9255   0.8902       ML
       16   0.8490   0.1021   1.0371  -8.9519   0.3953   0.1909   0.5528  24.3317   0.5750   3.3618   0.5416  -1.8779   0.4825   0.0000 -146.3495   1.2878       ML
       17   0.2208   0.5424   1.1591  -3.9957   0.3826   0.1386   0.6755   4.9899   0.4749   6.9578   0.4417  -7.9816   0.4076   0.0000 -162.6156   0.7703       ML
       18   0.4536   0.1863   0.5357  -2.3034   0.3915   0.1941   0.7263   8.0061   0.5150   4.3509   0.5305  -5.2219   0.4909   0.0000 -105.3613   0.7581       ML
       19   0.1004   0.6191   2.8004 -30.1253   0.4058   0.1644   0.7519   4.0744   0.4657  14.5704   0.4110  -5.1227   0.3819   0.0000 -169.4947   1.1663       ML
        2   0.2818   0.7454   0.5308  -2.7051   0.4447   0.1901   0.7040   2.0869   0.5411   7.7934   0.5545  -7.1600   0.4395   0.0000 -95.4626   0.9870       ML
       20   0.4809   0.5520   0.6970  -5.5226   0.3987   0.1371   0.5696   5.8406   0.4975   7.3098   0.4930  -5.7645   0.4299   0.0000 -173.9338   0.9395       ML
       21   0.5213   0.7360   7.4071 -13.7113   0.1361   0.0582   0.7897   2.3586   0.4277  15.3243   0.3412  -5.1745   0.3497   0.0000 -175.9750   0.5804       ML
       22   0.1759   0.6911   1.0416  -4.3293   0.4339   0.1620   0.6595   2.8540   0.4596   7.6061   0.4636 -11.5164   0.4578   0.0000 -148.3564   1.1944       ML
       23   0.4530   0.4711   0.8081  -4.4935   0.4316   0.1396   0.5501   5.7414   0.5799   5.1172   0.5821  -5.6248   0.4828   0.0000 -143.5495   0.8172       ML
       24   0.3922   0.1282   0.6846  -5.6880   0.4119   0.1582   1.4224  13.8562   0.4882   7.4782   0.5181  -6.0105   0.4446   0.0000 -172.4523   1.0076       ML
       25   0.8127   0.1410   5.9942 -12.4167   0.0763   0.0477   5.6790  10.6423   0.1112   8.8363   0.4630  -7.0633   0.4044   0.0000 -184.3112   0.5365       ML
       26   0.5386   0.4898   0.7201 -49.9922   0.3631   0.1188   0.6649   4.1882   0.3911   3.4285   0.4490  -2.8965   0.3453   0.0000 -168.2502   0.9085       ML
       27   0.5958   0.3687   0.8274  -5.1114   0.4127   0.1831   0.8967   5.7149   0.4539   4.7032   0.5348  -5.8032   0.4631   0.0000 -133.6922   0.7264       ML
       28   0.4100   0.6072   0.5251  -9.9450   0.5019   0.1974   0.5531   8.8554   0.5387   5.6880   0.5491  -3.6131   0.4617   0.0000 -122.7530   1.1416       ML
       29   0.3409   0.2846   0.9152  -3.0459   0.3951   0.1584   0.5730   5.3114   0.5256   6.8118   0.5242  -3.0244   0.4698   0.0000 -135.8855   0.9705       ML
        3   0.9673   0.6248   5.3096 -13.7624   0.1809   0.1590   0.7909   5.5900   0.5876  49.9993   0.6138  -4.7302   0.4655   0.0000 -122.7016   1.0041       ML
       30   0.9057   0.5235   2.7039 -10.4299   0.1905   0.0939   0.8105   5.4372   0.4879  10.3942   0.5433  -3.6499   0.3923   0.0000 -173.7372   0.7127       ML
       31   0.6402   0.4412   1.4389  -7.6361   0.3319   0.0001   3.9484  11.1908   0.2978   5.1782   0.4019  -9.7869   0.2920   0.0000 -207.9943   0.3498       ML
       32   0.3087   0.4890   1.0310  -2.7173   0.4129   0.1653   0.8887  12.8968   0.5969   8.0851   0.5467  -3.7557   0.4208   0.0000 -108.5196   1.0111       ML
       34   0.5173   0.5136   0.8465  -3.7942   0.3830   0.2026   0.8427   3.7322   0.4227   6.8438   0.5113  -3.7332   0.4221   0.0000 -127.3191   0.9429       ML
       35   0.5712   0.2586   0.4782  -6.0533   0.5166   0.1802   0.7733   5.4392   0.5338  47.9982   0.5995  -1.7948   0.4784   0.0000 -99.9929   0.8637       ML
       36   0.2943   0.4083   0.5595  -2.2865   0.3870   0.1804   0.5113   3.1061   0.4853   4.0011   0.5212  -0.6563   0.3998   0.0000 -90.7653   1.1190       ML
       37   0.5968   0.4983   0.8575  -4.4859   0.3704   0.1507   0.7222   4.2484   0.4953   6.1109   0.5604  -4.2629   0.4180   0.0000 -156.4631   0.6223       ML
       38   0.3956   0.3312   0.5194  -3.4171   0.4560   0.2236   0.7510   5.3277   0.4686   9.2365   0.5718  -2.7284   0.4284   0.0000 -105.3682   1.5619       ML
        4   0.5881   0.4088   0.5611  -8.5330   0.4067   0.1329   0.9922   7.1203   0.4804   6.7314   0.5242 -10.0555   0.4341   0.0000 -194.1817   0.9117       ML
       40   0.3360   0.6670   0.6903  -5.7108   0.4674   0.1347   0.7863   8.7249   0.5652  50.0000   0.6165  -6.3214   0.4501   0.0000 -178.1119   0.7327       ML
       41   0.3213   0.2477   2.6674  -6.8245   0.3839   0.1143   0.6696   9.6387   0.5395  10.1533   0.4156  -4.4540   0.4915   0.0000 -188.1664   0.8579       ML
       42   0.2746   0.4357   1.3027  -8.3386   0.4392   0.1651   0.5695   6.9826   0.5199  15.8282   0.5305  -5.5069   0.4681   0.0000 -165.8496   1.0108       ML
       45   0.5497   0.4729   0.7496  -4.4890   0.3847   0.2000   0.7192   2.2849   0.4040   6.5979   0.5217  -2.0483   0.3848   0.0000 -110.6717   0.8316       ML
       46   0.2200   0.4779   0.9857  -4.1596   0.4088   0.1341   0.6151   5.2685   0.4998   7.8836   0.4857  -4.3107   0.4641   0.0000 -155.9799   0.5083       ML
       47   0.3516   0.3744   0.5422  -0.7456   0.3936   0.1901   0.5442   3.7957   0.5330   3.3415   0.5521  -0.4202   0.4429   0.0000 -82.3791   1.1011       ML
       48   0.6626   0.6617   0.8683  -7.0669   0.3963   0.1703   0.6383   2.1725   0.4577   4.6029   0.4344  -6.7875   0.4539   0.0000 -139.0002   0.8881       ML
       49   0.1817   0.2393   0.6901  -3.9086   0.4826   0.2693   0.6298   5.0711   0.4956   5.4608   0.5303  -2.4278   0.4832   0.0000 -80.3526   1.4001       ML
        5   0.3980   0.4103   0.6671  -4.1347   0.3609   0.1055   0.6620   3.9878   0.4025   5.1059   0.4660  -2.1974   0.3617   0.0000 -143.2399   0.8622       ML
       50   0.5854   0.5300   0.5574  -4.3226   0.3679   0.1611   0.6435   1.6769   0.3676   2.0370   0.4147  -2.9272   0.3679   0.0000 -96.9223   0.5399       ML
       51   0.4223   0.5868   0.7585  -4.3441   0.3355   0.1188   0.7695   3.8160   0.4946   5.1241   0.4849  -4.0637   0.3567   0.0000 -147.8677   0.5237       ML
       52   0.1775   0.7196   1.9180  -8.5366   0.4228   0.1358   0.7225   3.8432   0.4653   8.7674   0.3776 -11.2290   0.4315   0.0000 -175.1432   1.1233       ML
       53   0.4093   0.4273   0.4821  -5.6554   0.4068   0.1255   0.5350   9.5346   0.5481  13.9614   0.5707  -4.7929   0.4328   0.0000 -198.5823   0.6108       ML
       54   0.5891   0.5461   0.6340  -5.1602   0.3668   0.1658   0.7537   2.1866   0.3969   5.1459   0.5069  -4.9851   0.4084   0.0000 -128.4960   1.0113       ML
       55   0.3755   0.6053   1.1473  -6.7727   0.3749   0.1547   0.4888   4.4886   0.5028   3.8819   0.4063  -5.1772   0.3979   0.0000 -145.7336   1.0486       ML
       56   0.4625   0.5670   0.9781  -9.8925   0.4398   0.1632   1.0325   3.3321   0.4306  10.5630   0.5407  -5.2806   0.4148   0.0000 -154.0473   1.2133       ML
       57   0.1445   0.8775   0.7680 -24.0247   0.3792   0.2423   1.0253   2.6742   0.4460  14.9046   0.5160  -7.3033   0.3717   0.0000 -124.9669   1.5219       ML
       58   0.0684   0.0838   4.9035  -5.5185   0.3714   0.0745   3.3923  11.8263   0.3130  16.4297   0.3377  -6.7728   0.4266   0.0000 -207.0428   0.6766       ML
       59   0.5230   0.5121   0.5502  -4.1489   0.3932   0.1727   0.6412   3.6988   0.4489   4.4004   0.4994  -1.1894   0.4035   0.0000 -107.4675   1.2346       ML
        6   0.6165   0.6005   1.4411  -6.3283   0.3274   0.1707   0.7520   4.2802   0.4914   9.5619   0.5373  -3.3566   0.4271   0.0000 -141.5052   1.3157       ML
       60   0.4424   0.4679   0.6313  -3.8848   0.3759   0.1468   0.6843   3.6509   0.4590   4.6793   0.4937  -7.1033   0.4336   0.0000 -143.0950   0.7379       ML
       61   0.5068   0.5424   0.8372  -4.3546   0.3647   0.0880   0.7872   4.4191   0.4609   5.4701   0.4750  -4.2672   0.3937   0.0000 -161.4705   0.4770       ML
       62   0.0964   0.5925   0.7125  -2.6165   0.4412   0.1919   0.5483   2.0763   0.5302   9.1612   0.5712  -3.4141   0.4222   0.0000 -94.9484   1.1099       ML
       63   0.3083   0.4596   0.9034  -6.8298   0.3973   0.1265   0.8779   4.2116   0.4253   5.7416   0.4719  -6.9485   0.4083   0.0000 -166.6909   0.6933       ML
       64   0.4362   0.7978   0.4953  -5.0765   0.4382   0.1760   1.2495   5.9933   0.5410   5.7452   0.5479  -7.4887   0.3789   0.0000 -143.2655   1.1525       ML
       65   0.2020   0.1979   0.9117  -4.8220   0.4470   0.1125   1.2381   8.9551   0.5034  41.1761   0.6269  -4.1003   0.4867   0.0000 -176.9674   0.8200       ML
       66   0.3411   0.5287   0.5052  -3.4793   0.4045   0.1791   0.7007   3.5515   0.4566   5.1015   0.5185  -4.9800   0.4564   0.0000 -132.9145   1.2765       ML
       67   0.7174   0.0702   0.7055 -14.5307   0.4358   0.2238   0.4522  40.2037   0.5737  11.8894   0.5687  -0.9152   0.5197   0.0000 -130.8568   1.0294       ML
       69   0.4232   0.5437   0.6131  -1.8008   0.3908   0.2679   0.5194   1.8113   0.4289   3.7684   0.4558  -4.7166   0.4490   0.0000 -66.9670   0.9349       ML
        7   0.6659   0.4953   0.9108  -5.8433   0.3803   0.1451   0.5260   6.6227   0.5559   3.6538   0.5340  -5.1182   0.4608   0.0000 -158.6466   0.6369       ML
       70   0.0699   0.5245   0.7562   0.4914   0.4223   0.1342   0.6318   3.6147   0.4848  16.0747   0.5794  -3.0189   0.4149   0.0000 -128.8577   1.0034       ML
       71   0.6184   0.6200   0.7245  -6.5918   0.4335   0.1437   0.4844   4.6273   0.5282   7.8499   0.5679 -11.4060   0.4886   0.0000 -173.2289   1.1177       ML
       72   0.4525   0.5146   0.6093  -8.5797   0.4035   0.1094   0.5738   4.5924   0.4666   3.7058   0.4671  -3.3386   0.4100   0.0000 -163.1803   0.6167       ML
       73   0.3295   0.1006   0.5977  -2.9136   0.4104   0.1737   0.7073  14.3262   0.5037   6.9989   0.5279  -1.3653   0.4465   0.0000 -137.2671   1.2569       ML
       74   0.6165   0.8314   0.9434  -7.4423   0.3604   0.1082   1.1363   4.0284   0.4432   3.2093   0.3928  -8.3792   0.3851   0.0000 -169.7589   0.8234       ML
       75   0.3063   0.6179   2.0218  -9.3963   0.3439   0.1042   0.6191   5.9088   0.4428  11.2561   0.4209  -6.0161   0.4054   0.0000 -195.2469   1.0563       ML
       76   0.3904   0.5323   0.6408  -4.4191   0.4088   0.1479   0.6506   5.2269   0.5255   9.2958   0.5639  -7.0596   0.4624   0.0000 -163.0233   1.1152       ML
       77   0.4047   0.2545   0.7877  -4.8448   0.3671   0.1276   0.8245   8.0032   0.4696   5.4757   0.4799  -4.6243   0.4250   0.0000 -167.0606   0.8808       ML
       78   0.1005   0.0636   1.1742  -4.1250   0.4008   0.1358   0.5621  49.9984   0.5702  18.0872   0.5298  -4.0829   0.4527   0.0000 -202.8150   0.7934       ML
       79   0.4395   0.5185   0.6610  -3.8183   0.4664   0.1435   0.8874   5.8699   0.5438   5.0235   0.5304  -4.9772   0.4542   0.0000 -133.0442   0.9736       ML
        8   0.6747   0.6087   0.4620 -16.5250   0.3962   0.1412   0.5468   2.9998   0.4709   4.1398   0.5508  -2.9694   0.3851   0.0000 -148.6606   1.0559       ML
       80   0.3083   0.4029   0.4904  -1.3213   0.3601   0.2060   0.5776   2.0615   0.4275   0.4092   0.4346  -1.6622   0.3735   0.0000 -66.3735   1.3981       ML
       81   0.2865   0.4424   0.6367  -5.3102   0.4087   0.1774   0.9345   4.7396   0.4505   9.4273   0.5478  -3.7910   0.3861   0.0000 -134.3201   1.2918       ML
       82   0.6794   0.6498   0.6860  -7.2211   0.4318   0.1584   0.5978   1.5956   0.4520   6.6657   0.5244  -6.6667   0.4400   0.0000 -140.1376   0.9950       ML
       83   0.6237   0.1317   0.7183  -7.1663   0.4674   0.1782   0.5538  22.2879   0.5954   4.4713   0.5595  -2.8122   0.5218   0.0000 -127.8149   1.0870       ML
       84   0.3788   0.2654   0.6055  -3.7938   0.3977   0.1426   0.8247   3.0964   0.4443   6.5780   0.5732  -3.2593   0.4315   0.0000 -126.8122   1.2545       ML
       85   0.7870   0.7345   0.4990 -13.5810   0.4438   0.3169   0.3593   4.4098   0.4606   1.5616   0.4850  -9.4174   0.4851   0.0000 -90.0360   1.6733       ML
       86   0.6030   0.5329   0.8517  -5.3111   0.4012   0.1658   0.4729   4.2563   0.4601   6.1655   0.4685  -4.5500   0.4719   0.0000 -160.5998   0.8762       ML
       87   0.1352   0.0848   0.9416  -3.3184   0.4726   0.2065   0.6859  50.0000   0.5685  12.4043   0.5275  -1.5403   0.4707   0.0000 -128.5853   1.1516       ML
       88   0.4619   0.6348   3.3394 -10.2970   0.2499   0.0000   0.7463   4.6357   0.4431   8.8007   0.3083  -4.5747   0.3718   0.0000 -201.7181   0.2855       ML
       89   0.5707   0.3259   0.6161  -2.9080   0.3512   0.2513   0.6484   4.4165   0.4686   1.9611   0.4612  -0.6722   0.3929   0.0000 -67.4026   1.4779       ML
        9   0.4355   0.4382   0.4908  -4.4588   0.4851   0.1901   0.2840  10.9872   0.5888   8.7079   0.5719  -7.5451   0.5247   0.0000 -132.7939   1.0211       ML
       90   0.2464   0.3258   1.5591  -9.7436   0.3507   0.1210   0.7102   7.3899   0.4747   6.8636   0.4017  -4.7031   0.3935   0.0000 -185.3673   1.1092       ML
       91   0.4526   0.0254   0.6511  -7.3618   0.5131   0.1624   1.5390  22.5248   0.5412   2.8429   0.5305  -2.4450   0.5485   0.0000 -129.3714   0.9665       ML
       92   0.2754   0.6258   3.7087  -5.6160   0.2952   0.0003   0.8886   4.1388   0.4834  10.1768   0.3314  -4.3138   0.3922   0.0000 -153.8950   0.4035       ML
       93   0.5687   0.4267   0.6271  -4.8739   0.3788   0.2133   0.6758   3.4127   0.4195   3.8442   0.4499  -2.9515   0.3966   0.0000 -105.6472   0.8357       ML
       94   0.2565   0.6119   0.7985  -6.9893   0.4133   0.1796   0.5170   3.3239   0.4980  23.3282   0.5490  -6.7099   0.4470   0.0000 -152.6226   1.0574       ML
       95   0.5463   0.5227   0.4180  -8.8824   0.5150   0.2131   0.5470   4.8245   0.5549   5.7634   0.5917 -10.2734   0.5496   0.0000 -108.5598   1.0137       ML
       97   0.8226   0.4471   0.2016 -39.4573   0.5584   0.1901   1.6999  20.0313   0.5571  17.8031   0.6025 -11.8781   0.4896   0.0000 -143.1417   0.9046       ML
       98   0.4305   0.2660   0.7349  -5.6510   0.4107   0.1366   0.7367   6.5946   0.5385   6.3274   0.5634  -4.4030   0.4495   0.0000 -166.3553   1.0009       ML
       99   0.3438   0.5891   0.7588  -2.9285   0.3976   0.1061   0.6996   1.4962   0.4752   7.4104   0.5831  -3.9024   0.4420   0.0000 -107.0443   0.5411       ML
