  dataset       zr        a        v       t0      st0  penalty      fit     time   method
        1   0.1667   0.6360   3.3566   0.4166   0.2032   0.0000 -78.5752   0.3656       ML
       10   0.1466   0.5436   4.6803   0.4364   0.2133   0.0000 -69.2954   0.2488       ML
      100   0.0985   0.7844   3.6250   0.4250   0.2139   0.0000 -53.0017   0.6933       ML
      101   0.1723   0.7124   3.0170   0.3659   0.1115   0.0000 -84.1597   0.1731       ML
      102   0.1563   0.5806   3.8975   0.4172   0.1409   0.0000 -107.7147   0.1993       ML
      103   0.1182   0.5761   3.9455   0.4822   0.2083   0.0000 -73.1271   0.2245       ML
      104   0.1405   0.5870   3.2546   0.4941   0.2495   0.0000 -49.9887   0.4339       ML
      105   0.0698   0.6909   4.7989   0.4775   0.2079   0.0000 -68.1527   0.2235       ML
      106   0.1345   0.6602   2.3459   0.4768   0.2416   0.0000 -59.8622   0.2827       ML
      107   0.4979   0.4981   0.9164   0.4510   0.1702   0.0000 -76.7446   0.1736       ML
      108   0.1348   0.2598   7.7954   0.4947   0.3919   0.0000 -21.8994   0.5002       ML
      109   0.1102   0.7486   3.7559   0.4253   0.1738   0.0000 -70.3005   0.2328       ML
       11   0.1141   0.7812   3.5627   0.3602   0.1069   0.0000 -93.0858   0.2211       ML
      110   0.2809   0.7049   1.5825   0.4121   0.2201   0.0000 -48.0354   0.2412       ML
      111   0.1565   0.5658   4.6462   0.4978   0.2337   0.0000 -76.6269   0.2497       ML
      112   0.2301   0.5472   3.5831   0.3988   0.2115   0.0000 -51.0234   0.1666       ML
      113   0.1489   0.5997   3.9327   0.4851   0.1861   0.0000 -80.5980   0.4822       ML
      114   0.1419   0.6797   3.9142   0.4366   0.1232   0.0000 -98.4261   0.1557       ML
      115   0.2188   0.5876   1.8623   0.4478   0.0832   0.0000 -106.0920   0.1278       ML
      116   0.0752   1.0498   4.6473   0.4251   0.1704   0.0000 -72.7154   0.4934       ML
      117   0.2082   0.5448   3.4539   0.4958   0.1976   0.0000 -77.9407   0.2900       ML
      118   0.0709   0.7796   5.6342   0.4624   0.2439   0.0000 -59.0579   0.4163       ML
      119   0.1148   0.4725   5.9014   0.5038   0.2693   0.0000 -61.3610   0.3481       ML
       12   0.1030   0.3364   5.9326   0.5097   0.3160   0.0000 -34.4563   0.3140       ML
      120   0.1371   0.7229   3.7058   0.4571   0.1482   0.0000 -81.3201   0.1588       ML
      121   0.9190   0.3122  -7.5827   0.5458   0.2880   0.0000 -40.0271   0.1850       ML
      122   0.1281   0.7396   2.1642   0.4379   0.2475   0.0000 -42.4195   0.4196       ML
      123   0.0833   0.9663   4.3694   0.4150   0.1639   0.0000 -74.7430   0.1722       ML
      124   0.0686   0.9533   6.0212   0.4211   0.2202   0.0000 -69.9747   0.4944       ML
      125   0.1069   0.6897   4.4341   0.4767   0.1569   0.0000 -90.8184   0.2066       ML
      126   0.1014   0.7410   4.3223   0.4848   0.1743   0.0000 -81.6437   0.2221       ML
      127   0.1715   0.6179   2.9906   0.4879   0.1419   0.0000 -92.0576   0.1823       ML
      128   0.1504   0.5536   3.8233   0.4368   0.2636   0.0000 -53.2864   0.4516       ML
      129   0.0872   0.5007   5.9025   0.5645   0.1642   0.0000 -91.2100   0.2439       ML
       13   0.0882   0.5672   4.4652   0.5055   0.2797   0.0000 -52.1062   0.2402       ML
      130   0.1111   0.6959   3.7160   0.4200   0.2238   0.0000 -55.7492   0.2540       ML
      131   0.7391   0.4028  -2.3884   0.5185   0.2724   0.0000 -51.9989   0.2452       ML
      132   0.4449   0.3999   0.2201   0.4532   0.3220   0.0000 -29.8287   0.2192       ML
      133   0.1125   0.7301   4.4058   0.4483   0.2625   0.0000 -57.8963   0.3026       ML
      134   0.1659   0.6449   2.8204   0.4201   0.2060   0.0000 -59.5365   0.3385       ML
      135   0.2440   0.5570   2.3129   0.4997   0.2178   0.0000 -63.0969   0.2703       ML
      136   0.6142   0.5552  -1.0973   0.4550   0.2701   0.0000 -38.2516   0.2542       ML
      137   0.0626   0.9302   6.3536   0.4273   0.1680   0.0000 -91.3030   0.2618       ML
       14   0.1202   0.6618   3.7612   0.4937   0.2334   0.0000 -67.1592   0.4160       ML
       15   0.0927   0.8691   4.6431   0.3953   0.1620   0.0000 -88.9798   0.2590       ML
       16   0.2807   0.6471   0.6883   0.4308   0.2337   0.0000 -52.3372   0.3734       ML
       17   0.1657   0.7878   3.1965   0.4123   0.1386   0.0000 -75.7648   0.2585       ML
       18   0.1997   0.6244   2.6759   0.4429   0.2931   0.0000 -35.3661   0.2657       ML
       19   0.0370   1.1951   8.9070   0.4386   0.2199   0.0000 -78.8524   0.5120       ML
        2   0.1679   0.4532   2.4050   0.4882   0.2747   0.0000 -43.3248   0.2441       ML
       20   0.0591   0.7266   8.8845   0.4646   0.2201   0.0000 -87.9961   0.3333       ML
       21   0.1698   0.5963   2.3069   0.4061   0.1822   0.0000 -69.8387   0.2838       ML
       22   0.0907   0.6697   6.1013   0.4702   0.2124   0.0000 -76.0466   0.4291       ML
       23   0.1319   0.5452   3.2477   0.5145   0.2376   0.0000 -70.6802   0.4744       ML
       24   0.1317   0.7636   2.7772   0.4302   0.1703   0.0000 -84.8669   0.1552       ML
       25   0.1523   0.7268   3.2012   0.4483   0.1806   0.0000 -77.2041   0.2161       ML
       26   0.1176   0.7457   4.0704   0.3768   0.1545   0.0000 -88.1329   0.1546       ML
       27   0.2928   0.5867   1.1466   0.4552   0.2645   0.0000 -50.2320   0.4144       ML
       28   0.3680   0.3060   0.5886   0.5277   0.2614   0.0000 -59.4514   0.2411       ML
       29   0.0858   0.7620   5.4397   0.4868   0.1986   0.0000 -73.2662   0.2533       ML
        3   0.1852   0.4590   2.3124   0.5309   0.2558   0.0000 -57.6607   0.3700       ML
       30   0.0178   1.2085  11.1799   0.4489   0.2760   0.0000 -72.3452   0.4490       ML
       31   0.2752   0.4968   2.3853   0.4304   0.1109   0.0000 -119.0679   0.1911       ML
       32   0.0967   0.5399   4.2847   0.5069   0.2898   0.0000 -48.3710   0.2611       ML
       33   0.0704   0.3164   9.1602   0.4969   0.3800   0.0000 -36.2644   0.3684       ML
       34   0.3413   0.5285   1.6866   0.4651   0.2502   0.0000 -58.8806   0.3623       ML
       35   0.1023   0.6464   4.3681   0.5228   0.2382   0.0000 -53.4020   0.2307       ML
       36   0.1025   0.5807   5.2691   0.4553   0.2778   0.0000 -45.1448   0.4164       ML
       37   0.1218   0.7216   3.7692   0.4520   0.2060   0.0000 -68.8612   0.2568       ML
       38   0.2679   0.5399   2.0660   0.4708   0.2735   0.0000 -46.7012   0.4455       ML
       39   0.0624   0.7560   3.4199   0.4854   0.2647   0.0000 -62.7947   0.2439       ML
        4   0.0588   0.8867   5.9499   0.4384   0.1482   0.0000 -102.7517   0.2651       ML
       40   0.1310   0.6586   3.4829   0.4972   0.1545   0.0000 -89.3571   0.1699       ML
       41   0.1370   0.5874   3.0214   0.4898   0.1691   0.0000 -97.0128   0.3263       ML
       42   0.0778   0.6487   4.8149   0.4785   0.1921   0.0000 -91.7115   0.2182       ML
       43   0.1020   0.2842   4.3870   0.5781   0.2265   0.0000 -62.3968   0.1507       ML
       44   0.3811   0.4759  -1.7431   0.5075   0.2831   0.0000 -43.7392   0.2582       ML
       45   0.1957   0.7120   3.1017   0.4208   0.2337   0.0000 -48.3161   0.2995       ML
       46   0.1911   0.6430   2.6197   0.4512   0.1885   0.0000 -71.0456   0.2833       ML
       47   0.2123   0.6093   2.7214   0.4644   0.3029   0.0000 -36.5580   0.2348       ML
       48   0.4042   0.4550   0.9734   0.4560   0.1795   0.0000 -75.6056   0.2231       ML
       49   0.0752   0.5863   4.0521   0.4976   0.2840   0.0000 -49.1384   0.3546       ML
        5   0.1728   0.5232   3.3588   0.4235   0.1911   0.0000 -79.2417   0.2012       ML
       50   0.4610   0.6075   0.0038   0.3601   0.1371   0.0000 -64.2728   0.1325       ML
       51   0.1454   0.7372   2.7569   0.4139   0.2178   0.0000 -60.9522   0.3349       ML
       52   0.0788   0.6126   9.9533   0.4836   0.2053   0.0000 -94.1179   0.2902       ML
       53   0.0278   1.5537   9.4446   0.4326   0.1678   0.0000 -106.1431   0.2819       ML
       54   0.3610   0.5663   1.0176   0.4041   0.2190   0.0000 -56.7529   0.1990       ML
       55   0.1240   0.6498   3.3355   0.4215   0.2178   0.0000 -66.6878   0.4153       ML
       56   0.0867   0.8367   4.8256   0.4530   0.2080   0.0000 -73.2342   0.3510       ML
       57   0.2515   0.6173   3.0805   0.4181   0.2753   0.0000 -41.2547   0.2450       ML
       58   0.0475   1.2701   6.7214   0.4272   0.1386   0.0000 -101.9316   0.2478       ML
       59   0.2652   0.6203   1.9425   0.4184   0.1863   0.0000 -56.7177   0.1997       ML
        6   0.2355   0.4868   3.3244   0.4761   0.3223   0.0000 -44.5519   0.3026       ML
       60   0.1887   0.7168   2.9052   0.4180   0.1900   0.0000 -70.9321   0.2430       ML
       61   0.2206   0.6098   2.6624   0.4342   0.1552   0.0000 -80.3506   0.1872       ML
       62   0.1190   0.5539   2.8408   0.4696   0.2693   0.0000 -46.3692   0.2492       ML
       63   0.1590   0.7125   2.4802   0.4162   0.1096   0.0000 -83.7789   0.1231       ML
       64   0.1192   0.6653   3.4616   0.4720   0.1871   0.0000 -65.7349   0.2555       ML
       65   0.0689   0.9782   5.2370   0.4781   0.1603   0.0000 -80.5076   0.2122       ML
       66   0.2883   0.5411   1.6625   0.4456   0.2196   0.0000 -57.0147   0.2387       ML
       67   0.2105   0.5998   2.5621   0.4733   0.2527   0.0000 -47.0916   0.2116       ML
       68   0.1986   0.5546   1.6561   0.5024   0.2287   0.0000 -56.1191   0.1998       ML
       69   0.3115   0.5150   1.1894   0.4273   0.2838   0.0000 -31.4492   0.2088       ML
        7   0.1019   0.8308   5.0622   0.4673   0.2266   0.0000 -72.9946   0.4859       ML
       70   0.0800   0.5925   8.0460   0.5045   0.2721   0.0000 -59.0952   0.2858       ML
       71   0.0932   0.6596   5.5202   0.4942   0.1565   0.0000 -94.4164   0.2871       ML
       72   0.2580   0.5760   1.9402   0.4248   0.1215   0.0000 -93.7482   0.1898       ML
       73   0.0539   0.7004   6.2728   0.4626   0.2440   0.0000 -67.5955   0.3477       ML
       74   0.3811   0.5375   1.0549   0.4114   0.1376   0.0000 -81.1135   0.1516       ML
       75   0.1594   0.6675   4.2109   0.4104   0.1548   0.0000 -92.5597   0.1559       ML
       76   0.1505   0.8575   2.7601   0.4288   0.1315   0.0000 -72.4821   0.1682       ML
       77   0.1784   0.6888   1.8650   0.4148   0.1617   0.0000 -77.5457   0.2240       ML
       78   0.0319   1.2246   8.0272   0.4426   0.1958   0.0000 -91.7736   0.2937       ML
       79   0.1953   0.4555   3.2561   0.5330   0.2301   0.0000 -67.8418   0.3051       ML
        8   0.1622   0.7078   3.4918   0.4173   0.1584   0.0000 -63.3237   0.2111       ML
       80   0.2666   0.5584   0.7964   0.3956   0.2311   0.0000 -44.7867   0.1921       ML
       81   0.1342   0.7450   3.3696   0.4368   0.2120   0.0000 -56.3380   0.3519       ML
       82   0.3060   0.4058   2.2689   0.4833   0.2124   0.0000 -72.9310   0.1898       ML
       83   0.0973   0.2164  10.4023   0.5529   0.2720   0.0000 -67.7931   0.2296       ML
       84   0.0917   0.8522   3.5796   0.4519   0.2119   0.0000 -58.3544   0.2659       ML
       85   0.5856   0.3328  -0.5197   0.4593   0.3266   0.0000 -37.3462   0.2479       ML
       86   0.4168   0.4400   0.9193   0.4525   0.1930   0.0000 -89.8178   0.2431       ML
       87   0.1114   0.6400   3.4373   0.4842   0.2164   0.0000 -60.5099   0.2753       ML
       88   0.2033   0.5708   3.7503   0.4221   0.1901   0.0000 -86.4592   0.4103       ML
       89   0.2833   0.6396   1.6946   0.4245   0.2410   0.0000 -34.0401   0.1586       ML
        9   0.0744   0.5640   8.2602   0.5370   0.2504   0.0000 -70.5339   0.4609       ML
       90   0.0254   1.3553   8.2176   0.4017   0.1640   0.0000 -105.8680   0.2823       ML
       91   0.1106   0.4919   3.8239   0.5461   0.1821   0.0000 -77.7434   0.2731       ML
       92   0.1716   0.6169   2.2838   0.4628   0.1926   0.0000 -60.3548   0.1815       ML
       93   0.2880   0.5319   1.5734   0.4207   0.2392   0.0000 -54.1769   0.2087       ML
       94   0.1073   0.6909   4.1723   0.4422   0.1905   0.0000 -75.7721   0.3192       ML
       95   0.1300   0.3236   4.1892   0.5485   0.2536   0.0000 -58.2248   0.2424       ML
       96   0.3428   0.2898  -1.2854   0.4961   0.3725   0.0000 -23.7221   0.1384       ML
       97   0.1822   0.4483   3.7062   0.5438   0.2037   0.0000 -70.7734   0.1470       ML
       98   0.1058   0.7869   4.3853   0.4827   0.2154   0.0000 -79.2486   0.3248       ML
       99   0.1576   0.5969   2.4749   0.4871   0.2535   0.0000 -48.1576   0.2654       ML
